pred_prob_0,pred_prob_1,yhat,y,category
-0.0068404614,0.37722182,1,1,tp
-0.40922025,0.7888121,1,1,tp
-0.039302364,0.3160572,1,1,tp
-0.48392597,0.7281183,1,1,tp
-0.4352931,0.7603084,1,1,tp
-0.40734825,0.7150322,1,1,tp
-0.41460407,0.8939239,1,1,tp
-0.02723238,-5.3637195e-06,1,1,tp
-0.3768538,0.5707097,1,1,tp
-0.9023231,1.1604805,1,1,tp
0.106862456,-0.068055466,0,1,fn
-0.3955009,1.0070399,1,1,tp
-0.18404339,0.14461231,1,1,tp
-0.45897588,0.86689687,1,1,tp
0.35894614,-0.032859698,0,1,fn
-0.7561452,1.1782923,1,1,tp
-0.1998419,0.624231,1,1,tp
-0.30565464,0.31291667,1,1,tp
-0.47596347,0.52427113,1,1,tp
0.29271132,-0.7176267,0,1,fn
-0.05571617,-0.03565373,1,1,tp
-0.2366787,0.53352726,1,1,tp
-0.16819508,0.4238888,1,1,tp
-0.05791606,-0.30411303,0,1,fn
-0.42847344,1.0040478,1,1,tp
0.038796753,0.21471086,1,1,tp
-0.46925178,0.5507172,1,1,tp
-0.13069862,0.5061997,1,1,tp
0.25412902,-0.56990236,0,1,fn
-0.076599315,0.17583977,1,1,tp
-0.49811703,0.26587272,1,1,tp
0.041608162,-0.41170195,0,1,fn
-0.5790049,0.6700241,1,1,tp
0.099284984,-0.4767263,0,1,fn
-0.5079106,0.96782243,1,1,tp
0.048217397,-0.1720573,0,1,fn
-0.5312462,0.9760513,1,1,tp
-0.46191552,-0.048302397,1,1,tp
-0.5223046,0.5256296,1,1,tp
-0.07779899,0.33622736,1,1,tp
-0.25683516,0.5442419,1,1,tp
-0.08468261,0.43879336,1,1,tp
-0.46039975,0.9514936,1,1,tp
-0.14614375,0.05511705,1,1,tp
-0.4869943,0.88146865,1,1,tp
-0.36370867,0.73200154,1,1,tp
-0.21449052,0.45343715,1,1,tp
-0.7629522,0.7726113,1,1,tp
-0.88331974,0.9425293,1,1,tp
-0.075151354,0.48934534,1,1,tp
-0.33314186,0.57338154,1,1,tp
-0.50042677,0.7479664,1,1,tp
-0.19095774,0.54696006,1,1,tp
-0.13652323,0.30056655,1,1,tp
0.7747769,-0.9501169,0,1,fn
-0.20453073,-0.19305123,1,1,tp
0.10473645,-0.22953649,0,1,fn
0.038142487,0.046366744,1,1,tp
0.2609423,-0.31017682,0,1,fn
-0.029082509,-0.3163364,0,1,fn
-0.20715337,0.6197377,1,1,tp
-0.09687024,0.19623096,1,1,tp
-0.3459878,0.65097094,1,1,tp
0.023083402,-0.22725692,0,1,fn
-0.11862859,0.26780346,1,1,tp
-0.05967336,0.16039313,1,1,tp
-0.8006063,0.7724741,1,1,tp
-0.7166254,0.8971267,1,1,tp
-0.35724822,0.7643044,1,1,tp
0.06431018,-0.2108583,0,1,fn
-0.22642834,0.54115736,1,1,tp
-0.3841731,0.3668261,1,1,tp
-0.24093194,0.33326736,1,1,tp
0.17424643,-0.54271555,0,1,fn
-0.46512485,0.069065884,1,1,tp
-0.3550278,0.62819564,1,1,tp
-0.11190681,0.49726835,1,1,tp
0.11384569,-0.26085335,0,1,fn
0.14236784,-0.5064846,0,1,fn
-0.17119734,0.5192381,1,1,tp
-0.7603299,0.8150909,1,1,tp
-0.07782534,0.34455553,1,1,tp
-0.5697553,0.8778826,1,1,tp
-0.3572908,0.78294647,1,1,tp
-0.40762824,0.694676,1,1,tp
-0.30598024,0.68934596,1,1,tp
0.22101958,0.17305015,0,1,fn
0.06711213,0.39598238,1,1,tp
0.05388265,-0.02083502,0,1,fn
-0.028461514,-0.19816911,0,1,fn
-0.7462758,1.0844942,1,1,tp
-0.50064266,0.9064025,1,1,tp
-0.23029514,0.638065,1,1,tp
-0.24607058,0.53983384,1,1,tp
-0.44364643,0.73683965,1,1,tp
-0.6446229,0.95543116,1,1,tp
-0.30690125,0.7284504,1,1,tp
-0.63880897,0.9631322,1,1,tp
-0.41765392,0.4794125,1,1,tp
-0.5880373,0.43200824,1,1,tp
-0.587614,0.6972809,1,1,tp
-0.42994067,0.93408334,1,1,tp
-0.6581783,1.1430191,1,1,tp
-0.42399418,0.13942488,1,1,tp
-0.49165517,0.6499684,1,1,tp
-0.012776414,0.24547811,1,1,tp
-0.6659773,1.0660366,1,1,tp
-0.74414986,1.0801047,1,1,tp
-0.44888717,0.35813048,1,1,tp
-0.27704203,0.40022564,1,1,tp
-0.60402364,0.4747772,1,1,tp
-0.17825784,0.0071736174,1,1,tp
0.2535552,-0.21994132,0,1,fn
-1.0255917,1.3665668,1,1,tp
-0.16860996,-0.09023813,1,1,tp
-0.41526574,0.34573895,1,1,tp
-0.09549313,0.019670274,1,1,tp
-0.0725861,0.056483306,1,1,tp
0.15470855,0.082857125,0,1,fn
0.062139347,-0.28329813,0,1,fn
-0.5251336,0.5557301,1,1,tp
-0.34373397,0.12920582,1,1,tp
-0.55648214,0.4058515,1,1,tp
-0.15244058,0.3599258,1,1,tp
-0.2876062,0.7548299,1,1,tp
0.021303162,0.32949412,1,1,tp
0.22143985,-0.6610511,0,1,fn
-0.4847442,0.7679303,1,1,tp
-0.36536118,0.48117957,1,1,tp
-0.19679011,0.234323,1,1,tp
-0.4103397,0.25879776,1,1,tp
-0.5309024,0.9851138,1,1,tp
0.016464708,-0.38431928,0,1,fn
-0.34900564,0.20060615,1,1,tp
-0.19219165,-0.09385995,1,1,tp
0.28707707,-0.70356226,0,1,fn
-0.17016198,0.38827813,1,1,tp
-0.050537318,0.41139644,1,1,tp
-0.2910138,0.6081428,1,1,tp
-0.19417726,0.56855446,1,1,tp
-0.66732836,1.102106,1,1,tp
0.066517726,-0.3896286,0,1,fn
-0.67328376,0.91866267,1,1,tp
-0.6072867,0.85028976,1,1,tp
0.16560794,-0.30349544,0,1,fn
0.56528723,-0.7855525,0,1,fn
0.28750056,0.051477477,0,1,fn
-0.55812025,0.7552379,1,1,tp
-0.03724298,0.4628623,1,1,tp
0.0031861127,-0.44858357,0,1,fn
0.59369045,-1.1263384,0,1,fn
-0.042802915,-0.23042631,0,1,fn
-0.27234584,0.24272113,1,1,tp
-0.011594685,-0.019771233,0,1,fn
0.5989672,-0.9311956,0,1,fn
-0.55291057,0.6839123,1,1,tp
0.02009481,0.30492777,1,1,tp
0.048360124,-0.13495624,0,1,fn
-0.5416162,0.6040056,1,1,tp
-0.24351823,0.08979342,1,1,tp
0.15051307,0.12256037,0,1,fn
-0.4378488,0.47702354,1,1,tp
-0.059976682,-0.22265284,0,1,fn
-0.57601106,0.53514475,1,1,tp
0.33940038,-0.6219548,0,1,fn
0.4411381,-0.3598212,0,1,fn
-0.3839947,0.823051,1,1,tp
-0.31404567,0.25465554,1,1,tp
-0.58116347,0.9907553,1,1,tp
0.059223235,-0.18480752,0,1,fn
-0.25385994,0.7007416,1,1,tp
-0.3265159,0.71424174,1,1,tp
-0.28745735,0.689904,1,1,tp
0.10713972,0.16262446,1,1,tp
-0.16997908,0.45744124,1,1,tp
-0.26943976,0.3726983,1,1,tp
-0.14650099,0.09797143,1,1,tp
0.37382227,-0.86605865,0,1,fn
-0.4968291,0.7033707,1,1,tp
-0.5981834,0.91133934,1,1,tp
-0.8661236,0.6546849,1,1,tp
-0.27585036,0.67302775,1,1,tp
-0.19756867,0.42266285,1,1,tp
0.16028209,-0.36845902,0,1,fn
-0.1397981,0.33961803,1,1,tp
0.043082215,0.031032406,0,1,fn
-0.47850668,0.669492,1,1,tp
-0.5345143,0.5376133,1,1,tp
-0.5135739,0.6857635,1,1,tp
-0.054902315,0.53073406,1,1,tp
0.043961965,0.39024538,1,1,tp
-0.44110924,0.44779032,1,1,tp
-0.5533818,0.88774264,1,1,tp
-0.23642108,0.5877315,1,1,tp
0.10951084,-0.07174297,0,1,fn
-0.5740718,0.7438569,1,1,tp
0.05952654,0.14437096,1,1,tp
-0.5226164,0.6556928,1,1,tp
-0.07455909,0.35037675,1,1,tp
-0.83611405,0.9632561,1,1,tp
-0.42328888,0.7831812,1,1,tp
-0.17508727,0.1959787,1,1,tp
-0.47977152,1.0227231,1,1,tp
-0.72074205,0.69028425,1,1,tp
-0.3369072,0.8525522,1,1,tp
-0.1861759,0.47637677,1,1,tp
-0.14318068,0.5153833,1,1,tp
-0.5325964,0.7810069,1,1,tp
0.059716046,-0.31565857,0,1,fn
-0.5646221,0.55535126,1,1,tp
-0.33000946,0.6889658,1,1,tp
-0.95225847,1.2153974,1,1,tp
-0.8396982,0.9447861,1,1,tp
-0.5877975,0.8313438,1,1,tp
-0.1271292,0.33778745,1,1,tp
0.31999746,-0.8482004,0,1,fn
-0.30166537,0.6730401,1,1,tp
-0.64321005,0.68643713,1,1,tp
-0.46751964,0.61726314,1,1,tp
-0.538617,0.9994321,1,1,tp
-0.38758245,0.32850423,1,1,tp
-0.1822219,0.41604525,1,1,tp
-0.7097198,1.1582743,1,1,tp
0.5349028,-0.91407156,0,1,fn
-0.3127017,0.10271942,1,1,tp
-0.4713138,0.98029864,1,1,tp
0.030332586,0.48636806,1,1,tp
-0.7823738,0.8292095,1,1,tp
-0.20174354,0.6148305,1,1,tp
-0.74522215,0.60623616,1,1,tp
-0.6827824,0.98794115,1,1,tp
-0.2584735,0.5157717,1,1,tp
-0.26694638,0.5721445,1,1,tp
-1.0880741,1.2234162,1,1,tp
0.21298341,-0.6011301,0,1,fn
0.08606866,0.027355045,0,1,fn
-0.10224092,0.34652525,1,1,tp
-0.10446936,0.57783216,1,1,tp
-0.83260953,1.1864597,1,1,tp
-0.12398404,0.62097895,1,1,tp
-0.32664734,0.7883682,1,1,tp
-0.28866708,0.11111495,1,1,tp
-0.13168652,0.5639516,1,1,tp
-0.80283093,0.9523002,1,1,tp
-0.44810963,0.89117396,1,1,tp
-0.5272016,0.6383736,1,1,tp
-0.24309924,0.24270011,1,1,tp
0.25314856,-0.4266183,0,1,fn
0.7572837,-1.1228784,0,1,fn
-0.22330423,0.06270725,1,1,tp
-0.39016995,0.7270656,1,1,tp
-0.31198916,0.78452104,1,1,tp
-0.28959763,0.69761384,1,1,tp
-0.6105343,0.8306138,1,1,tp
-0.0667597,0.6103803,1,1,tp
-0.74649274,0.88685083,1,1,tp
-0.761235,0.7494885,1,1,tp
-0.6863388,1.0687917,1,1,tp
-0.058006838,0.50829995,1,1,tp
-0.1428154,0.5351538,1,1,tp
0.10955289,0.30460864,1,1,tp
-0.35270455,0.8515108,1,1,tp
-0.29996872,0.3930256,1,1,tp
-0.60641056,0.9441978,1,1,tp
-0.9634944,0.6420356,1,1,tp
-0.52297807,1.0035197,1,1,tp
-0.3236276,0.40458718,1,1,tp
-0.4974041,0.4924761,1,1,tp
-0.6169367,0.47696042,1,1,tp
-0.39994377,0.7317939,1,1,tp
-0.793463,0.85231245,1,1,tp
-0.7333574,0.92711604,1,1,tp
0.0139615815,-0.31352222,0,1,fn
-0.17751972,0.6549656,1,1,tp
0.26634455,-0.26000512,0,1,fn
-0.65157807,0.5012934,1,1,tp
-0.40367442,0.59775907,1,1,tp
-0.53076416,0.545493,1,1,tp
-0.11572032,0.5060387,1,1,tp
0.075787306,0.33561033,1,1,tp
0.48682934,-0.66269064,0,1,fn
-0.4855841,0.68127567,1,1,tp
-0.68019485,0.73918223,1,1,tp
-0.51814556,0.24212958,1,1,tp
0.055816308,-0.25129622,0,1,fn
-0.13185917,0.5024912,1,1,tp
-0.0563703,0.307039,1,1,tp
-0.34575135,0.72982204,1,1,tp
-0.15237358,-0.025092468,1,1,tp
-0.30049583,0.7046105,1,1,tp
-0.73609996,0.6610397,1,1,tp
-0.1790515,0.58601165,1,1,tp
-0.0139989555,-0.19706614,0,1,fn
-0.1278106,0.19223428,1,1,tp
-0.5140873,0.8876108,1,1,tp
-0.017880687,-0.45453286,0,1,fn
-0.3187394,0.67858005,1,1,tp
-0.6439318,0.8718353,1,1,tp
-0.2651401,0.4806003,1,1,tp
-0.35449344,0.8144359,1,1,tp
-1.0248781,1.2906902,1,1,tp
-0.9461876,1.0533916,1,1,tp
-0.49417508,0.5424087,1,1,tp
-0.36195284,0.57440877,1,1,tp
0.03943567,-0.36056235,0,1,fn
0.040734466,-0.44917125,0,1,fn
-0.659051,1.1005332,1,1,tp
0.30171812,-0.58611417,0,1,fn
-0.36850017,0.73476154,1,1,tp
-0.5375966,0.87100804,1,1,tp
-0.16473924,0.568187,1,1,tp
-0.520866,0.87070346,1,1,tp
0.5157795,-0.8414296,0,1,fn
-0.15660673,0.61079466,1,1,tp
-0.17053367,0.6229006,1,1,tp
-0.8643708,0.7614012,1,1,tp
-0.13536099,0.010829412,1,1,tp
-0.8028326,1.2203803,1,1,tp
-0.25946668,0.3363217,1,1,tp
-0.39000964,0.8126,1,1,tp
0.29985467,-0.73945385,0,1,fn
-0.45983073,0.5096847,1,1,tp
-0.5957006,0.80124766,1,1,tp
-0.34747386,0.6408386,1,1,tp
-0.1382248,-0.27022594,0,1,fn
-0.617933,0.772317,1,1,tp
0.029792551,0.00024532224,0,1,fn
-0.18905403,0.11276122,1,1,tp
-0.55702424,1.0249541,1,1,tp
-0.39153183,0.47446743,1,1,tp
-0.2632579,0.666815,1,1,tp
-0.2989536,0.6686815,1,1,tp
-0.7706846,0.8973829,1,1,tp
0.061886065,0.17040253,1,1,tp
-0.1756839,0.6086861,1,1,tp
0.119659945,-0.30622005,0,1,fn
-0.33018774,0.72470087,1,1,tp
0.19491759,-0.60785687,0,1,fn
-0.17476538,0.30539513,1,1,tp
0.3000011,-0.4298739,0,1,fn
-0.22499657,0.6483557,1,1,tp
0.38156545,-0.33575094,0,1,fn
-0.47806242,0.3233357,1,1,tp
-0.5692108,0.8373656,1,1,tp
-0.20447631,-0.09531086,1,1,tp
-0.57426196,0.45966622,1,1,tp
0.71279293,-1.1761345,0,1,fn
-0.38086855,0.5501075,1,1,tp
-0.13617742,0.6355223,1,1,tp
-0.14447734,-0.019104756,1,1,tp
-0.4929614,0.6513334,1,1,tp
-0.4826733,0.9288495,1,1,tp
0.85650986,-0.8528421,0,1,fn
-0.2597439,0.07850323,1,1,tp
0.02826461,0.22060372,1,1,tp
0.2866988,-0.5832233,0,1,fn
0.2740856,0.14866607,0,1,fn
0.8474295,-0.86410284,0,1,fn
-0.10795128,0.45031902,1,1,tp
-0.39409065,0.82715404,1,1,tp
-0.57731676,0.8604487,1,1,tp
-0.38556737,0.8398892,1,1,tp
0.21724814,-0.1019156,0,1,fn
-0.42908657,0.59119,1,1,tp
-0.8699529,0.56091,1,1,tp
-0.23644774,-0.17082542,1,1,tp
0.28960088,-0.5062288,0,1,fn
-0.24980386,0.13150519,1,1,tp
-0.29177356,0.054316625,1,1,tp
-0.32283092,0.1474076,1,1,tp
-0.001277925,0.32108265,1,1,tp
0.37484264,-0.5081929,0,1,fn
0.26494473,-0.80803096,0,1,fn
-0.47091317,0.3665982,1,1,tp
-0.061881498,0.3052991,1,1,tp
0.19850697,-0.30172092,0,1,fn
-0.45837358,0.69028383,1,1,tp
-0.39865017,0.8040585,1,1,tp
0.24594127,0.06482074,0,1,fn
-0.5305066,0.99342245,1,1,tp
-0.27545637,0.03542687,1,1,tp
-0.52269363,1.0298475,1,1,tp
0.47349322,-0.46034873,0,1,fn
0.28802705,-0.5031221,0,1,fn
-0.26256475,0.08472414,1,1,tp
-0.41041228,0.7320157,1,1,tp
-0.20873007,0.6527051,1,1,tp
-0.17230177,0.30348137,1,1,tp
-0.8649855,0.7868595,1,1,tp
-0.15434952,-0.17860946,0,1,fn
-0.4790252,0.73171985,1,1,tp
-0.33982778,0.47092748,1,1,tp
0.284969,-0.3193662,0,1,fn
-0.62084997,0.33102614,1,1,tp
-0.6012691,0.8681616,1,1,tp
-0.6236478,0.9799376,1,1,tp
0.059736073,-0.31721732,0,1,fn
-0.59267277,1.0818291,1,1,tp
0.10283516,0.056790635,0,1,fn
-0.08808809,0.1957322,1,1,tp
0.31895217,-0.18972646,0,1,fn
-0.4661108,0.65544593,1,1,tp
-0.18229367,0.6759424,1,1,tp
-0.6191062,0.77374625,1,1,tp
-0.2703098,0.7345576,1,1,tp
-0.52036864,0.7640619,1,1,tp
-0.37620258,0.35282075,1,1,tp
0.6275706,-0.42676347,0,1,fn
0.24460861,-0.17925699,0,1,fn
-0.5231095,1.0789863,1,1,tp
-0.28505,0.28074926,1,1,tp
0.1753674,-0.14485107,0,1,fn
-0.1477613,0.6112896,1,1,tp
-0.6263216,0.5138371,1,1,tp
-0.25775355,0.5670233,1,1,tp
-0.51692873,0.7895886,1,1,tp
-0.06794527,0.39146486,1,1,tp
-0.36819607,0.55412996,1,1,tp
-0.36913332,0.7015339,1,1,tp
0.45638832,-0.9158358,0,1,fn
-0.059613444,0.43933848,1,1,tp
-0.031812057,0.37838656,1,1,tp
-0.39081055,0.53088194,1,1,tp
-0.46040583,0.39212918,1,1,tp
-0.1508943,0.5339426,1,1,tp
-0.17112173,0.5415056,1,1,tp
-0.1644618,0.4794451,1,1,tp
-0.24758704,0.61823374,1,1,tp
-0.15877658,0.6172728,1,1,tp
-0.10007249,0.4634116,1,1,tp
-0.73078346,1.0810865,1,1,tp
-0.18751386,0.123940006,1,1,tp
-0.052763205,0.45789522,1,1,tp
-0.5103576,0.77238715,1,1,tp
-0.17954202,0.18246047,1,1,tp
-0.26381788,0.65264535,1,1,tp
-0.6330723,0.4077949,1,1,tp
0.35063326,-0.34346676,0,1,fn
-0.3737315,0.50596285,1,1,tp
-1.0392846,1.2128348,1,1,tp
-0.18343295,-0.0795299,1,1,tp
-0.20296551,-0.09819441,1,1,tp
-0.2269552,0.05372353,1,1,tp
-0.3762253,0.8600689,1,1,tp
0.21738291,-0.52195925,0,1,fn
-0.3676644,0.8363756,1,1,tp
-0.15497807,0.30538833,1,1,tp
-0.8552033,0.883242,1,1,tp
-0.3505506,0.73894024,1,1,tp
-1.0816681,1.1551093,1,1,tp
-0.57503724,0.8640625,1,1,tp
0.60500956,-0.95145404,0,1,fn
-0.31743196,0.5636371,1,1,tp
0.3546371,-0.35077512,0,1,fn
0.079989746,0.18115549,1,1,tp
-0.023527922,-0.2827239,0,1,fn
-0.030481221,-0.1850658,0,1,fn
-0.09971348,0.38425133,1,1,tp
0.49545175,-0.96854126,0,1,fn
-0.70737976,0.39518455,1,1,tp
-0.9177506,0.7114883,1,1,tp
-0.404247,0.88328344,1,1,tp
-0.18814456,0.1436486,1,1,tp
-0.20459634,0.14328755,1,1,tp
-0.4343656,0.28572243,1,1,tp
-0.23478335,0.5959314,1,1,tp
-0.07123161,0.01310707,1,1,tp
0.037476055,0.0023146316,0,1,fn
-0.8113249,0.81519485,1,1,tp
-0.4664716,0.44489318,1,1,tp
-0.06706123,0.43534946,1,1,tp
-0.57543653,0.76021945,1,1,tp
-0.19371252,0.4387367,1,1,tp
-0.28699952,0.78148824,1,1,tp
-0.13873938,0.47679183,1,1,tp
-0.6002939,1.0279891,1,1,tp
-0.31589696,0.26869747,1,1,tp
-0.42764595,0.8089207,1,1,tp
-0.07908441,0.2573902,1,1,tp
-0.9058115,0.7871496,1,1,tp
-0.5181918,1.0556628,1,1,tp
-0.10960244,0.48718655,1,1,tp
-0.7425722,0.90022886,1,1,tp
-0.6935046,1.0811335,1,1,tp
-0.13744123,0.51300985,1,1,tp
0.19549523,-0.5724533,0,1,fn
-0.24145517,0.6197187,1,1,tp
-0.3073273,0.49923706,1,1,tp
-0.7527223,1.0051588,1,1,tp
-0.30814344,0.8228536,1,1,tp
0.081703246,0.2937186,1,1,tp
0.16902715,-0.44219643,0,1,fn
0.21355082,0.14187962,0,1,fn
0.12389783,-0.53253925,0,1,fn
-0.3059885,0.58359987,1,1,tp
-0.38463366,0.74836165,1,1,tp
0.48073825,-0.988737,0,1,fn
-0.77788067,1.0945954,1,1,tp
-0.33328122,0.7317045,1,1,tp
-0.12801652,0.35883975,1,1,tp
-0.3603637,0.89072293,1,1,tp
-0.6786261,0.6957085,1,1,tp
-0.31415457,0.61680156,1,1,tp
-0.18548113,0.6111542,1,1,tp
-0.07120242,0.088110395,1,1,tp
-0.34947217,0.7283063,1,1,tp
-0.54146427,0.9603821,1,1,tp
-0.25300255,0.4554565,1,1,tp
-0.65278953,0.8680747,1,1,tp
0.020738257,0.45962474,1,1,tp
0.016737355,0.23750661,1,1,tp
-0.48630363,0.86122787,1,1,tp
-0.77635646,0.6592368,1,1,tp
-0.13471727,0.4290284,1,1,tp
-0.04705605,0.27047023,1,1,tp
-0.10883154,0.4617554,1,1,tp
-0.54536235,0.75307107,1,1,tp
-0.14764751,-0.15906404,0,1,fn
0.29662296,0.063493416,0,1,fn
-0.22901683,0.55992997,1,1,tp
-0.60004514,0.76540494,1,1,tp
-0.7062586,0.9048423,1,1,tp
-0.66040957,0.54917705,1,1,tp
-0.3070097,0.7227465,1,1,tp
-0.2749605,0.5164054,1,1,tp
-0.2876644,0.14932194,1,1,tp
-0.2820917,0.6386184,1,1,tp
0.18604623,-0.3567408,0,1,fn
0.6154063,-1.0523999,0,1,fn
0.09268275,-0.16929907,0,1,fn
0.80433327,-0.8364974,0,1,fn
0.07787677,0.3135258,1,1,tp
-0.6181765,0.363322,1,1,tp
-0.42147937,0.821278,1,1,tp
0.098500945,-0.3599779,0,1,fn
-0.1481492,0.553962,1,1,tp
-0.1313053,0.4119639,1,1,tp
-0.17268272,0.32886642,1,1,tp
-0.72490525,0.6106467,1,1,tp
-0.34948823,0.51198506,1,1,tp
-0.19263536,0.68578696,1,1,tp
-0.6576829,1.1465982,1,1,tp
0.31922483,-0.4096259,0,1,fn
-0.00076818606,-0.23704977,0,1,fn
0.16202551,-0.12438564,0,1,fn
-0.0021604314,0.25446513,1,1,tp
-0.4500432,0.6434915,1,1,tp
0.1573631,-0.54729414,0,1,fn
0.13122164,-0.3848018,0,1,fn
-0.01083572,0.3344406,1,1,tp
-0.26922625,0.15327011,1,1,tp
-0.36012125,0.6926244,1,1,tp
0.080731876,-0.028826505,0,1,fn
-0.49332032,0.22603567,1,1,tp
-0.13402762,0.5503595,1,1,tp
0.04763256,-0.15768148,0,1,fn
-0.5076233,0.11807141,1,1,tp
-0.39937592,0.5671895,1,1,tp
-0.034287635,0.26655084,1,1,tp
-0.040904514,0.38515937,1,1,tp
-0.17343989,0.33213794,1,1,tp
-0.18872772,-0.11562106,1,1,tp
0.43975973,-0.703491,0,1,fn
-0.07873879,0.49917823,1,1,tp
-0.3698899,0.8541415,1,1,tp
-0.58885294,0.52771986,1,1,tp
-0.25358438,0.70685685,1,1,tp
-0.45359308,0.41036546,1,1,tp
0.39955133,-0.9919319,0,1,fn
-0.58249056,0.54129183,1,1,tp
-0.3690771,0.70380294,1,1,tp
0.12868483,-0.57336503,0,1,fn
0.31748307,-0.10020632,0,1,fn
-0.14996889,0.58159804,1,1,tp
-0.38361406,0.50664884,1,1,tp
-0.1873928,0.15681617,1,1,tp
0.10823874,-0.25909072,0,1,fn
0.35718092,-0.22751182,0,1,fn
-0.825799,1.2820121,1,1,tp
0.0978044,-0.17480595,0,1,fn
-0.050884843,-0.18238862,0,1,fn
-0.13518305,0.36107785,1,1,tp
0.40049464,-0.25053817,0,1,fn
-0.23928834,0.58093214,1,1,tp
-0.7837004,0.61882305,1,1,tp
0.4383429,-0.69086736,0,1,fn
0.07875698,0.28294927,1,1,tp
0.20678852,-0.30774337,0,1,fn
-0.4839001,0.9028003,1,1,tp
0.1713572,-0.56527436,0,1,fn
0.0012249858,0.32017592,1,1,tp
-0.66198677,0.50249535,1,1,tp
0.25564927,-0.0034386658,0,1,fn
-0.33713642,0.51199,1,1,tp
-0.12074052,0.35513863,1,1,tp
-0.3866465,0.5309369,1,1,tp
-0.2266423,0.75130236,1,1,tp
-0.41207653,0.55832446,1,1,tp
-0.84749365,1.1587628,1,1,tp
0.26405674,-0.15524955,0,1,fn
0.121758,-0.3582847,0,1,fn
-1.1233308,1.2466807,1,1,tp
0.30424586,0.08002107,0,1,fn
0.31267685,-0.7298074,0,1,fn
-0.67023236,0.24131858,1,1,tp
-0.39101514,0.18104832,1,1,tp
0.4561379,-1.0579411,0,1,fn
0.83140326,-1.0368317,0,1,fn
-0.45765954,0.41579014,1,1,tp
-0.19000347,0.21784087,1,1,tp
-0.15893386,0.3165463,1,1,tp
0.0021181689,0.18998401,1,1,tp
-0.8011651,0.4877283,1,1,tp
0.09413947,-0.20473222,0,1,fn
-0.96446973,1.1361119,1,1,tp
-0.22641096,0.69786745,1,1,tp
-0.5696218,1.1596355,1,1,tp
-0.4357648,0.46837574,1,1,tp
-0.75113523,0.8805326,1,1,tp
0.14038204,-0.44452387,0,1,fn
0.117019236,-0.3877734,0,1,fn
-0.5297196,0.48124242,1,1,tp
-0.2841847,0.136274,1,1,tp
0.624058,-0.8993491,0,1,fn
0.20772432,-0.44462845,0,1,fn
-0.33272,0.5088978,1,1,tp
-0.11804601,0.04407569,1,1,tp
-0.442115,0.59638834,1,1,tp
-0.3179733,0.603356,1,1,tp
-0.046863765,0.33479136,1,1,tp
0.12591334,-0.46595263,0,1,fn
-0.17125323,0.615347,1,1,tp
-0.1497011,0.3319228,1,1,tp
-0.5391106,1.0321444,1,1,tp
0.3256309,-0.36511293,0,1,fn
-0.22341199,0.6157507,1,1,tp
-0.4338644,0.9509298,1,1,tp
0.22914892,0.19842686,0,1,fn
-0.9896907,1.1733755,1,1,tp
-0.63410854,0.32641646,1,1,tp
0.13538961,-0.023411542,0,1,fn
0.44597018,-0.762009,0,1,fn
-0.32194686,0.29324505,1,1,tp
-0.6854589,0.43145838,1,1,tp
-0.30720985,0.39165235,1,1,tp
-0.2269698,0.57594,1,1,tp
0.004838659,-0.013678349,0,1,fn
-0.06250759,0.44655114,1,1,tp
-0.6544465,1.1775792,1,1,tp
-0.034360945,0.4535345,1,1,tp
0.0753957,0.25137454,1,1,tp
0.088944435,0.010702766,0,1,fn
0.24963635,0.1596649,0,1,fn
-0.16146417,0.5566153,1,1,tp
-0.38709557,-0.041731894,1,1,tp
0.6637489,-0.48594177,0,1,fn
-0.7208253,1.13867,1,1,tp
0.37734795,-0.835258,0,1,fn
-0.16440712,-2.9365765e-05,1,1,tp
0.038153097,0.3824743,1,1,tp
-0.36817098,0.82045853,1,1,tp
0.19979419,-0.5302557,0,1,fn
-0.35380015,0.7801766,1,1,tp
0.0031346665,0.0023555,0,1,fn
-0.239399,0.68628633,1,1,tp
-0.011442723,0.03241671,1,1,tp
-0.34833217,0.53143543,1,1,tp
0.310447,-0.615126,0,1,fn
-0.60537374,0.7792299,1,1,tp
-1.0590764,1.2630898,1,1,tp
-0.28158852,0.8037382,1,1,tp
0.07684912,-0.13511322,0,1,fn
0.76014465,-1.0930549,0,1,fn
-0.41747504,0.084027395,1,1,tp
-0.049183015,-0.28507656,0,1,fn
-0.55010414,0.8785379,1,1,tp
-0.27104986,0.0672779,1,1,tp
0.64796174,-0.5021198,0,1,fn
-0.18406077,0.41722453,1,1,tp
-0.79836404,0.57467973,1,1,tp
0.49097377,-0.6388253,0,1,fn
-0.9533608,1.0588455,1,1,tp
-0.7301046,1.1573178,1,1,tp
-0.5098951,0.21633212,1,1,tp
-0.22496724,0.23526232,1,1,tp
0.05718966,0.34692413,1,1,tp
-0.0814362,-0.2928056,0,1,fn
0.16570923,-0.4376592,0,1,fn
-0.014756078,0.4663676,1,1,tp
-0.36267257,0.20029221,1,1,tp
-0.50422573,0.75980425,1,1,tp
-0.076944694,0.36596274,1,1,tp
-0.21248779,-0.066367134,1,1,tp
0.156653,-0.4985861,0,1,fn
-0.0028468962,0.31581944,1,1,tp
0.4275136,-0.6999928,0,1,fn
-0.25765872,0.1772163,1,1,tp
-0.1011829,0.6588793,1,1,tp
-0.53709304,0.9392524,1,1,tp
-0.045446698,0.3928178,1,1,tp
-0.73875517,0.8589972,1,1,tp
-0.15558822,0.5693088,1,1,tp
-0.3320635,0.6177025,1,1,tp
-0.7290515,0.610852,1,1,tp
-0.39548144,0.8178891,1,1,tp
0.10480034,-0.12940098,0,1,fn
-0.24756093,0.1246244,1,1,tp
-0.34842765,0.38698912,1,1,tp
-0.36267683,0.8760655,1,1,tp
-0.11914852,0.28855297,1,1,tp
-0.16497914,0.60244226,1,1,tp
-0.43418366,0.8862401,1,1,tp
-0.81476706,0.75904405,1,1,tp
-0.3877976,0.585547,1,1,tp
-0.19196938,0.7166055,1,1,tp
-0.122012846,0.5534382,1,1,tp
0.42902318,-0.8248022,0,1,fn
0.12001133,-0.5087313,0,1,fn
-0.3683049,0.5445702,1,1,tp
-0.63364893,0.98821205,1,1,tp
-0.28576708,0.7506591,1,1,tp
-0.07162611,-0.1271071,0,1,fn
-0.2899757,0.66967034,1,1,tp
-0.2904581,0.80422753,1,1,tp
-0.37770125,0.491524,1,1,tp
-0.11323497,0.23549233,1,1,tp
-0.060577415,-0.38714808,0,1,fn
-0.33542758,0.8258067,1,1,tp
-0.8180371,0.90795195,1,1,tp
-0.12434368,-0.09189227,1,1,tp
-0.069885515,-0.09486739,0,1,fn
-0.9383706,1.2033049,1,1,tp
-0.0979824,0.2689279,1,1,tp
-0.13301255,-0.028026477,1,1,tp
-0.065904535,0.50630915,1,1,tp
1.3034536,-1.6846488,0,1,fn
-0.5998975,0.8637798,1,1,tp
-0.26459408,0.2445809,1,1,tp
0.017726386,0.05483426,1,1,tp
-0.93247426,0.74212354,1,1,tp
-0.15175574,0.26955464,1,1,tp
-0.35459447,0.80473936,1,1,tp
-0.17914717,0.14731008,1,1,tp
-0.9679592,1.126625,1,1,tp
0.42172402,-0.62778896,0,1,fn
-0.25831586,0.6052754,1,1,tp
-0.2510434,0.09636224,1,1,tp
0.5684116,-0.9518899,0,1,fn
0.1857793,-0.024478532,0,1,fn
-0.6788284,0.6997591,1,1,tp
0.13864978,0.11408754,0,1,fn
-0.6765515,0.7922429,1,1,tp
-0.2970632,-0.22272795,1,1,tp
-0.11858749,0.51354915,1,1,tp
-0.81636494,0.59868586,1,1,tp
-0.50691026,0.54927796,1,1,tp
-0.5375208,0.99725306,1,1,tp
-0.61151016,0.74169064,1,1,tp
-0.38433838,0.8830749,1,1,tp
-0.12505122,0.46900627,1,1,tp
-0.046095222,-0.10591799,0,1,fn
-0.4925513,0.5196271,1,1,tp
-0.3288222,0.49467546,1,1,tp
-0.2769534,0.22139244,1,1,tp
0.24044521,-0.5469398,0,1,fn
-0.1689166,-0.12192892,1,1,tp
-0.5395082,0.85783666,1,1,tp
-0.19490288,0.6351905,1,1,tp
-0.27342072,0.6747087,1,1,tp
-0.04986345,-0.30851513,0,1,fn
0.24105075,0.07939844,0,1,fn
0.44023454,-0.83507454,0,1,fn
-0.31624207,0.73745275,1,1,tp
0.04559572,-0.22840777,0,1,fn
-0.31387773,0.83641434,1,1,tp
0.035578117,-0.0858033,0,1,fn
-0.6705826,0.98035747,1,1,tp
0.022836348,0.15945782,1,1,tp
-0.52444124,0.5936794,1,1,tp
-0.73192215,0.99904215,1,1,tp
-0.57930225,0.3158309,1,1,tp
-0.26902276,0.12174806,1,1,tp
-0.66300964,0.9999807,1,1,tp
-0.58206236,0.8654325,1,1,tp
-0.3184933,0.6995219,1,1,tp
-0.039887097,-0.5669742,0,1,fn
0.17652301,0.09746304,0,1,fn
0.23400825,-0.31792057,0,1,fn
-0.4070862,0.3825653,1,1,tp
0.037868537,0.3726123,1,1,tp
-0.69567144,0.8398466,1,1,tp
-0.6681055,0.44798696,1,1,tp
-0.32301033,0.7475331,1,1,tp
0.030937007,0.29055652,1,1,tp
0.65616375,-0.74310243,0,1,fn
-0.08250105,0.44513622,1,1,tp
-0.39090288,0.5465094,1,1,tp
-0.46386796,0.8692865,1,1,tp
-0.38890737,0.815855,1,1,tp
-0.13045558,0.6528344,1,1,tp
0.018859884,0.4201055,1,1,tp
-0.5920023,0.9485351,1,1,tp
-0.5799061,0.2774006,1,1,tp
-0.7859129,1.3995801,1,1,tp
-0.17078514,0.6235842,1,1,tp
-0.27882713,0.60949826,1,1,tp
-0.22424366,0.41043353,1,1,tp
-0.1497451,0.49597085,1,1,tp
-0.23533536,0.7915139,1,1,tp
-0.47800452,0.87383455,1,1,tp
-0.80410683,0.9353126,1,1,tp
-0.4544494,0.23961855,1,1,tp
0.085860096,0.3310314,1,1,tp
-0.126985,0.45445836,1,1,tp
0.008279657,-0.0032385283,0,1,fn
0.18521103,0.30677974,1,1,tp
0.6232054,-1.0590345,0,1,fn
0.14528687,-0.43872917,0,1,fn
-0.0930893,0.46897936,1,1,tp
-0.24696964,0.13605137,1,1,tp
-0.44980472,0.7529632,1,1,tp
-0.72530377,0.84366775,1,1,tp
0.41265294,-0.0667803,0,1,fn
0.2019615,0.07753714,0,1,fn
-0.5128052,0.7626817,1,1,tp
0.0069786073,-0.031553697,0,1,fn
-0.46289074,0.015159191,1,1,tp
-0.33940548,0.7332105,1,1,tp
0.27461225,-0.66438437,0,1,fn
0.123773925,-0.3912968,0,1,fn
0.26370668,-0.2967593,0,1,fn
0.21294965,-0.50417054,0,1,fn
-0.7970509,0.85676545,1,1,tp
0.02546922,-0.10696247,0,1,fn
-0.38331655,0.28432554,1,1,tp
-0.2721327,0.38509783,1,1,tp
-0.48120558,0.28851485,1,1,tp
-0.14948256,0.6488436,1,1,tp
-0.68406165,1.1160406,1,1,tp
0.28371108,-0.54756546,0,1,fn
-0.29675895,0.15316126,1,1,tp
-0.13440488,0.49561664,1,1,tp
-0.12944047,0.16268532,1,1,tp
0.24581294,-0.108804256,0,1,fn
0.082047686,0.16800612,1,1,tp
-0.09793769,0.42870682,1,1,tp
-0.028419973,0.19463746,1,1,tp
-0.5142475,0.43522078,1,1,tp
-0.05789192,-0.13344993,0,1,fn
-0.31082997,0.42809382,1,1,tp
0.14782088,0.2331812,1,1,tp
-0.24328052,0.6605544,1,1,tp
0.34066033,-0.031862795,0,1,fn
-0.04311949,-0.022609385,1,1,tp
-0.3286912,0.7355735,1,1,tp
-0.55054194,0.62219566,1,1,tp
-0.36573833,0.18813375,1,1,tp
-0.3081209,0.47701925,1,1,tp
-0.28160957,0.6844653,1,1,tp
0.28779367,0.041355155,0,1,fn
-0.45553517,0.92369425,1,1,tp
-0.78267956,1.0553962,1,1,tp
-0.28410825,0.5659284,1,1,tp
-0.7080672,0.76482594,1,1,tp
0.4118077,-0.60581875,0,1,fn
-0.5411872,0.71845746,1,1,tp
-0.4864566,0.64816743,1,1,tp
-0.39386332,0.33430612,1,1,tp
0.1162828,-0.67116207,0,1,fn
0.360974,-0.6009352,0,1,fn
-0.351891,0.822559,1,1,tp
0.03199029,-0.11139101,0,1,fn
-0.40923795,0.35935676,1,1,tp
-0.10964046,0.3037704,1,1,tp
-0.5770898,1.0104071,1,1,tp
0.09563057,-0.2902466,0,1,fn
-0.56364405,0.5327461,1,1,tp
-0.20031117,0.67952776,1,1,tp
0.06473696,0.15171778,1,1,tp
0.03308157,0.4295597,1,1,tp
0.20334955,-0.5935249,0,1,fn
-0.5991783,0.6169187,1,1,tp
-0.36670342,0.15128697,1,1,tp
-0.027116122,-0.24650563,0,1,fn
0.44790477,-0.70297885,0,1,fn
-0.052609317,0.21937299,1,1,tp
0.33795723,-0.26916352,0,1,fn
-0.37921172,0.3842538,1,1,tp
-0.5601415,0.9941912,1,1,tp
0.101942174,-0.28762147,0,1,fn
-0.2500593,0.6322477,1,1,tp
-0.24739636,0.6687269,1,1,tp
-0.78108,1.0177187,1,1,tp
0.012218287,0.25072682,1,1,tp
-0.117533654,-0.08953735,1,1,tp
0.31753793,-0.44029868,0,1,fn
-0.4775,0.5811105,1,1,tp
0.17580536,-0.4761137,0,1,fn
-0.16892362,0.028098367,1,1,tp
-0.74749434,0.95271224,1,1,tp
-0.51048034,0.6597663,1,1,tp
-0.3958134,0.8509941,1,1,tp
0.46424532,-0.5023417,0,1,fn
-0.42088184,0.61683553,1,1,tp
0.27775156,-0.61620134,0,1,fn
0.38236913,-0.7249571,0,1,fn
-0.50419915,0.60002416,1,1,tp
-0.19562669,0.37711465,1,1,tp
0.20793708,-0.70844257,0,1,fn
0.5668958,-0.13899967,0,1,fn
0.3340567,-0.7623935,0,1,fn
0.13435917,0.083063275,0,1,fn
-0.28768203,0.33928606,1,1,tp
-0.36236662,0.7820512,1,1,tp
-0.47824126,0.40242684,1,1,tp
-0.3745484,0.7844612,1,1,tp
0.23434666,-0.58686906,0,1,fn
-0.0646642,-0.32075164,0,1,fn
-0.55954814,0.54826164,1,1,tp
-0.39095694,0.73300916,1,1,tp
-0.064742535,0.5490475,1,1,tp
0.33168322,-0.069255754,0,1,fn
-0.15498208,0.663147,1,1,tp
0.5687051,-0.4536752,0,1,fn
-0.37167907,0.90929204,1,1,tp
-0.3494214,0.5391278,1,1,tp
-0.15890072,0.6130639,1,1,tp
0.07934516,0.026637673,0,1,fn
-0.20935431,0.6098171,1,1,tp
-0.646701,0.951825,1,1,tp
-0.34786445,0.69295025,1,1,tp
-0.5355607,0.6185515,1,1,tp
0.10964751,-0.49717063,0,1,fn
-0.33947504,0.52395904,1,1,tp
-0.025918858,-0.21765296,0,1,fn
-0.4577707,0.8477611,1,1,tp
-0.53229773,0.36502123,1,1,tp
-0.031976216,-0.27639735,0,1,fn
0.0074280524,-0.5968866,0,1,fn
-0.4803614,0.7251961,1,1,tp
-0.342372,0.67513674,1,1,tp
-0.14544232,0.23544642,1,1,tp
0.12581724,-0.29311764,0,1,fn
-0.6718973,0.76921844,1,1,tp
0.33804908,-0.50542945,0,1,fn
-0.1966306,0.40240029,1,1,tp
-0.55050826,0.35710594,1,1,tp
-0.40131998,0.43576944,1,1,tp
-0.26332435,0.78358066,1,1,tp
-0.73384225,0.63632506,1,1,tp
-0.1586488,-0.08118959,1,1,tp
-0.017200263,0.2771451,1,1,tp
-0.35586315,0.12535508,1,1,tp
-0.62376904,0.4280395,1,1,tp
-0.32231086,0.21577187,1,1,tp
0.087724194,-0.117406234,0,1,fn
-0.7573446,1.0825229,1,1,tp
-0.18836103,0.6119769,1,1,tp
-0.4145407,0.51142395,1,1,tp
0.31593856,-0.6529455,0,1,fn
0.45779058,-0.9452518,0,1,fn
-0.6779262,0.37942886,1,1,tp
-0.67146945,1.0457671,1,1,tp
-0.3243418,0.40715575,1,1,tp
-0.5603585,0.69575495,1,1,tp
-0.28431007,0.53095645,1,1,tp
-0.34582686,-0.10004574,1,1,tp
-0.3382561,0.3120802,1,1,tp
-0.5230733,1.0383097,1,1,tp
-0.20007168,-0.14277674,1,1,tp
0.17197295,-0.08697467,0,1,fn
0.37245274,-0.7834167,0,1,fn
0.14813413,0.1584075,1,1,tp
-0.68578243,0.92070234,1,1,tp
0.56414163,-1.1881675,0,1,fn
-0.28959727,0.7241265,1,1,tp
-0.6652494,0.8179667,1,1,tp
-0.5656805,0.7381568,1,1,tp
-0.7269434,0.8110479,1,1,tp
-0.1664393,0.449086,1,1,tp
-0.13610935,0.47597057,1,1,tp
0.14495754,-0.48321548,0,1,fn
-0.60109943,1.1929494,1,1,tp
-0.46580294,0.68287265,1,1,tp
-0.48769885,0.95376444,1,1,tp
-0.5239767,0.67661303,1,1,tp
-0.28454196,0.17783462,1,1,tp
0.17640509,-0.29251385,0,1,fn
-0.3664288,0.87890494,1,1,tp
0.63985205,-0.981662,0,1,fn
0.44004422,-0.7838626,0,1,fn
-0.34183273,0.37074718,1,1,tp
0.12870322,-0.28627425,0,1,fn
-0.30786285,0.13443626,1,1,tp
-0.35241783,0.8358196,1,1,tp
-0.42378896,0.29467493,1,1,tp
-0.36427483,0.21643914,1,1,tp
-0.7080051,0.7101431,1,1,tp
-0.30357713,0.5766067,1,1,tp
-0.026350593,0.081341274,1,1,tp
0.45651603,-0.3677151,0,0,tn
-0.44576094,0.6158712,1,0,fp
0.15079498,-0.41928858,0,0,tn
0.2744663,-0.46949822,0,0,tn
0.7014921,-0.8130234,0,0,tn
-0.25855112,-0.08244442,1,0,fp
0.11208165,0.27210215,1,0,fp
0.49129212,-0.68952954,0,0,tn
-0.20530392,0.045958854,1,0,fp
-0.4890837,0.7602343,1,0,fp
-0.1312956,0.44909728,1,0,fp
0.50220835,-0.61787057,0,0,tn
-0.37251025,0.030765183,1,0,fp
-0.32780638,0.7044374,1,0,fp
0.11337508,-0.2378541,0,0,tn
-0.119338244,0.057703122,1,0,fp
0.6943343,-0.9680764,0,0,tn
0.008769272,0.014014927,1,0,fp
-0.18477665,0.079486825,1,0,fp
-0.42033955,0.39672512,1,0,fp
0.44998014,-0.69245565,0,0,tn
-0.19557972,0.2126007,1,0,fp
-0.11338615,0.14663614,1,0,fp
0.66727805,-0.614731,0,0,tn
-0.04370789,0.10821678,1,0,fp
-0.278009,0.08707982,1,0,fp
-0.35988522,0.6174805,1,0,fp
-0.07448167,0.40400553,1,0,fp
-0.13428287,-0.09271204,1,0,fp
-0.13994606,0.270196,1,0,fp
0.02860765,0.38433897,1,0,fp
-0.23155455,0.52684206,1,0,fp
0.5063154,-0.6708251,0,0,tn
0.36570597,-0.3414898,0,0,tn
-0.3667836,0.23549229,1,0,fp
-0.6566314,0.88762796,1,0,fp
-0.25365824,0.4944821,1,0,fp
-0.070770256,0.12463112,1,0,fp
-0.061981507,0.40601093,1,0,fp
-0.020916266,-0.3478892,0,0,tn
0.83138853,-0.92678463,0,0,tn
0.12635182,-0.48598936,0,0,tn
-0.056059487,0.5512803,1,0,fp
-0.25040722,0.56484044,1,0,fp
-0.40129277,0.7707409,1,0,fp
-0.62075126,0.8598343,1,0,fp
-0.2390969,-0.029995322,1,0,fp
-0.25279287,0.37511295,1,0,fp
0.32173184,-0.1142887,0,0,tn
0.96564937,-0.7929138,0,0,tn
-0.874325,0.836159,1,0,fp
0.51277316,-0.44117507,0,0,tn
0.0057181404,-0.28629428,0,0,tn
-0.2411828,0.16539072,1,0,fp
-0.05549725,0.19943586,1,0,fp
-0.4041168,0.20241632,1,0,fp
-0.34437954,0.60621566,1,0,fp
-0.4039599,0.6306647,1,0,fp
-0.0004899516,-0.028081369,0,0,tn
-0.04347342,-0.049435616,0,0,tn
0.4176309,-0.604118,0,0,tn
0.9052844,-0.77848107,0,0,tn
-0.1333399,0.27587807,1,0,fp
0.28372374,-0.68495333,0,0,tn
-0.053303525,0.5102173,1,0,fp
0.122282624,0.2827646,1,0,fp
0.041773304,-0.24784742,0,0,tn
0.20653364,-0.58477443,0,0,tn
0.8668462,-0.9542347,0,0,tn
0.5468811,-0.70504266,0,0,tn
0.7658886,-1.0823952,0,0,tn
0.2610885,-0.11571249,0,0,tn
0.3861878,-0.8281188,0,0,tn
0.08672857,-0.52255684,0,0,tn
-0.17750485,0.38702387,1,0,fp
-0.4485862,0.2146044,1,0,fp
-0.070288554,0.12517257,1,0,fp
0.25102073,-0.059272997,0,0,tn
-0.62469226,0.796886,1,0,fp
0.16915913,-0.6711592,0,0,tn
0.14462581,-0.7027241,0,0,tn
0.23427509,0.18715782,0,0,tn
0.23029317,-0.23478483,0,0,tn
-0.5655854,0.91981876,1,0,fp
-0.27678013,-0.12765218,1,0,fp
0.15334596,-0.14008726,0,0,tn
0.014284914,-0.43439567,0,0,tn
0.86466277,-0.9165991,0,0,tn
-0.1586069,0.22404169,1,0,fp
0.24964568,-0.23900966,0,0,tn
0.25659513,-0.6235622,0,0,tn
0.84963,-1.0551317,0,0,tn
0.8387139,-1.0768629,0,0,tn
-0.5119059,0.6295138,1,0,fp
0.5694537,-1.091437,0,0,tn
0.7023916,-0.89328,0,0,tn
0.67310846,-0.89219475,0,0,tn
-0.04553942,-0.10692003,0,0,tn
0.42732248,-0.16647805,0,0,tn
0.6233206,-0.9076682,0,0,tn
-0.8124954,0.6653004,1,0,fp
-0.03873782,-0.16231431,0,0,tn
0.015548253,0.1502635,1,0,fp
0.61619675,-1.2843632,0,0,tn
0.26018944,-0.5920677,0,0,tn
0.26715297,-0.09680191,0,0,tn
-0.19249116,0.03408567,1,0,fp
-0.28013948,0.2721548,1,0,fp
-0.0551508,0.47370985,1,0,fp
-0.28032655,0.14476658,1,0,fp
0.2726519,-0.59792846,0,0,tn
0.781044,-0.65420663,0,0,tn
0.41165012,-1.0080042,0,0,tn
-0.046701714,-0.24434488,0,0,tn
-0.09979725,0.063938975,1,0,fp
0.52207875,-1.033063,0,0,tn
0.47952265,-1.1530361,0,0,tn
0.30423477,0.031587422,0,0,tn
0.27906302,-0.45104554,0,0,tn
-0.0046134754,-0.32256418,0,0,tn
0.29702973,-0.676831,0,0,tn
-0.85484016,0.78605604,1,0,fp
-0.32170808,0.7679785,1,0,fp
0.3517706,-0.4142369,0,0,tn
0.25087586,0.07201249,0,0,tn
-0.13784994,-0.1596892,0,0,tn
0.18027629,-0.3992362,0,0,tn
-0.46319625,0.6024606,1,0,fp
-0.29993397,-0.08568159,1,0,fp
0.2812874,-0.023888797,0,0,tn
-0.3809821,0.29202557,1,0,fp
-0.05457447,0.06004051,1,0,fp
0.23465335,-0.05041209,0,0,tn
0.6266614,-1.0886389,0,0,tn
-0.58165884,0.86246306,1,0,fp
-0.26601046,0.2871547,1,0,fp
-0.107510015,0.039869048,1,0,fp
-0.32642347,0.79737073,1,0,fp
0.64299333,-0.7061044,0,0,tn
-0.022411311,0.2952985,1,0,fp
-0.5642666,0.6378466,1,0,fp
0.2505215,-0.35243264,0,0,tn
-0.8952609,0.92926437,1,0,fp
-0.031789646,-0.26212156,0,0,tn
-0.60973,0.51520866,1,0,fp
0.005808188,0.3818959,1,0,fp
0.03554696,-0.39467496,0,0,tn
0.21939315,0.18922295,0,0,tn
0.834421,-1.2788912,0,0,tn
0.7559735,-0.7575694,0,0,tn
0.6777285,-1.0329616,0,0,tn
-0.63915634,0.24389814,1,0,fp
-0.0913842,0.34017348,1,0,fp
-0.66544724,1.0465289,1,0,fp
0.6091286,-0.7826386,0,0,tn
0.67943215,-0.9613793,0,0,tn
0.06539248,-0.32505077,0,0,tn
0.49354798,-0.6266271,0,0,tn
0.14487715,-0.14636207,0,0,tn
0.20978245,-0.21727341,0,0,tn
0.06659466,-0.50503594,0,0,tn
-0.31350777,0.079069346,1,0,fp
-0.44970527,0.06362891,1,0,fp
0.41921276,-0.07166335,0,0,tn
-0.36080873,0.13206083,1,0,fp
0.73583573,-0.7800203,0,0,tn
0.5153332,-0.9331181,0,0,tn
0.31837735,-0.5925356,0,0,tn
0.25446713,-0.47565496,0,0,tn
-0.23003541,0.6494911,1,0,fp
-0.1587585,0.6314342,1,0,fp
0.11214804,-0.8312899,0,0,tn
-0.23227985,0.5093181,1,0,fp
0.45499957,-0.415775,0,0,tn
0.15203018,-0.7785126,0,0,tn
0.6776992,-0.44959807,0,0,tn
-0.16885732,0.02169362,1,0,fp
-0.28811657,0.5841033,1,0,fp
-0.35996735,0.34632593,1,0,fp
-0.606199,1.0165958,1,0,fp
0.8554039,-0.772246,0,0,tn
1.0375248,-1.2981776,0,0,tn
0.37627983,-0.069225386,0,0,tn
0.39219806,-0.3321856,0,0,tn
-0.40306443,0.9356784,1,0,fp
-0.45442617,0.19628109,1,0,fp
0.2838469,-0.034194782,0,0,tn
-0.16940773,-0.04772219,1,0,fp
-0.6874371,0.8044559,1,0,fp
0.012720345,0.2684503,1,0,fp
-0.29716146,0.06734143,1,0,fp
0.49133113,-0.7776626,0,0,tn
-0.6930765,0.90463877,1,0,fp
-0.027099365,-0.09671835,0,0,tn
0.343163,-0.5143174,0,0,tn
-0.4020977,0.7649163,1,0,fp
-0.90156347,1.0961316,1,0,fp
0.5845553,-0.6972103,0,0,tn
0.31335878,-0.7067049,0,0,tn
0.32573813,-0.51765233,0,0,tn
-0.4242724,0.977732,1,0,fp
-0.32058892,0.0966639,1,0,fp
0.5435798,-1.1173788,0,0,tn
-0.10571104,0.49695656,1,0,fp
0.03811627,-0.17492753,0,0,tn
-0.27969837,0.47283053,1,0,fp
-0.06608657,0.42634356,1,0,fp
-0.4004503,0.33194712,1,0,fp
0.11801864,0.23364998,1,0,fp
-0.086558774,0.41530794,1,0,fp
0.36371017,-0.5184076,0,0,tn
-0.3140823,0.7982802,1,0,fp
0.49098712,-0.46078625,0,0,tn
-0.06377584,-0.26496187,0,0,tn
-0.29160246,0.78941405,1,0,fp
0.3843468,-0.68638486,0,0,tn
0.3065743,-0.06755345,0,0,tn
-0.48084748,0.21004187,1,0,fp
0.19468126,-0.4960122,0,0,tn
-0.22465518,0.5652231,1,0,fp
0.39746898,-0.4456693,0,0,tn
-0.22870167,0.18538584,1,0,fp
0.23314163,-0.66259223,0,0,tn
-0.29030287,0.55296224,1,0,fp
0.025476223,-0.652256,0,0,tn
-0.19551484,0.057396933,1,0,fp
-0.41447377,0.2257728,1,0,fp
0.2009132,-0.58583385,0,0,tn
0.08563386,-0.11593237,0,0,tn
0.45750123,-0.96287405,0,0,tn
0.44629753,-0.7722714,0,0,tn
0.18030848,-0.19481613,0,0,tn
-0.4971797,0.74791336,1,0,fp
-0.24488136,0.35628748,1,0,fp
-0.4184637,0.2583053,1,0,fp
0.21899799,-0.6308511,0,0,tn
-0.32415998,0.25259158,1,0,fp
-0.09682109,0.11844076,1,0,fp
-0.18724777,0.17670505,1,0,fp
-0.1926447,0.6613629,1,0,fp
-0.045444574,0.3437404,1,0,fp
0.13676918,0.26602203,1,0,fp
0.68061686,-1.2983543,0,0,tn
-0.15304007,-0.033051684,1,0,fp
0.012162639,0.15770467,1,0,fp
-0.38690636,0.8494351,1,0,fp
-0.5213654,0.34749973,1,0,fp
-0.35218433,0.6957232,1,0,fp
0.23852365,-0.5231433,0,0,tn
-0.26386377,-0.0049757427,1,0,fp
-0.26476377,0.63482976,1,0,fp
-0.49033493,0.42872307,1,0,fp
0.24291839,-0.5782032,0,0,tn
-0.15803209,-0.18349041,0,0,tn
-0.5004333,0.92876303,1,0,fp
-0.6919606,0.8491354,1,0,fp
-0.13405992,0.37954366,1,0,fp
0.062129878,-0.48209524,0,0,tn
0.19899073,0.04553926,0,0,tn
0.09330451,-0.2717018,0,0,tn
0.7932399,-1.1391611,0,0,tn
0.6654057,-1.2000186,0,0,tn
0.49886632,-1.0616068,0,0,tn
-0.2516602,0.39498717,1,0,fp
-0.2738322,0.18150318,1,0,fp
0.21661691,-0.6176332,0,0,tn
-0.32658264,0.3221885,1,0,fp
0.017589128,0.27977368,1,0,fp
0.14084253,-0.47304147,0,0,tn
0.6595243,-0.95031476,0,0,tn
0.13839194,0.21748003,1,0,fp
0.7345045,-0.6981678,0,0,tn
0.93661773,-1.4290289,0,0,tn
-0.1475199,0.08342146,1,0,fp
0.18693805,-0.1761745,0,0,tn
0.119476125,-0.14271544,0,0,tn
0.26822954,-0.74433863,0,0,tn
-0.30596614,0.42578536,1,0,fp
-0.24075261,0.47354466,1,0,fp
-0.48947638,0.7304518,1,0,fp
0.56088877,-1.0329763,0,0,tn
0.76123667,-1.3482212,0,0,tn
0.40530694,-0.7861153,0,0,tn
0.574321,-0.6515406,0,0,tn
0.83467805,-0.73660374,0,0,tn
-0.2510994,0.73393726,1,0,fp
-0.14238311,0.07439174,1,0,fp
-0.008035349,-0.36849558,0,0,tn
0.24506117,-0.35916784,0,0,tn
-0.15461484,0.09058629,1,0,fp
0.54527676,-1.092851,0,0,tn
-0.28231868,0.55693156,1,0,fp
-0.047161262,-0.50216013,0,0,tn
0.45123625,-0.93078655,0,0,tn
0.08420756,-0.53054214,0,0,tn
-0.24144912,-0.15322244,1,0,fp
0.29743528,-0.8660792,0,0,tn
0.3845131,-0.91168714,0,0,tn
-0.25133857,0.16337934,1,0,fp
0.3909318,-0.46192604,0,0,tn
-0.899335,1.1564486,1,0,fp
-0.25179714,0.1579376,1,0,fp
0.5664932,-1.1279997,0,0,tn
0.38263416,-0.69546485,0,0,tn
-0.15042357,0.69222105,1,0,fp
-0.20282514,0.46258152,1,0,fp
-0.48312744,0.61236054,1,0,fp
-0.50762045,0.72544646,1,0,fp
0.62335116,-0.9028685,0,0,tn
-0.23779647,0.23454209,1,0,fp
-0.18102935,0.6302669,1,0,fp
-0.19171616,0.13251859,1,0,fp
-0.113137364,-0.17023985,0,0,tn
0.0587437,-0.40173697,0,0,tn
-0.04191623,0.295178,1,0,fp
0.12395784,-0.17180258,0,0,tn
0.01263052,0.45103705,1,0,fp
0.23993826,-0.22330475,0,0,tn
-0.09559202,0.14409967,1,0,fp
0.8239504,-1.3806292,0,0,tn
0.4599352,-0.24853794,0,0,tn
-0.21538213,-0.043900974,1,0,fp
-0.14866601,0.5833665,1,0,fp
-0.48965645,0.96282244,1,0,fp
0.25930196,-0.20429139,0,0,tn
-0.52597475,0.5990166,1,0,fp
0.4495675,-0.20332287,0,0,tn
-0.5633247,0.96725804,1,0,fp
0.70292634,-0.40946847,0,0,tn
0.39454478,-0.14829062,0,0,tn
0.13910851,-0.1391644,0,0,tn
-0.5267877,1.1206417,1,0,fp
0.5692234,-0.9536805,0,0,tn
0.6968423,-0.9100165,0,0,tn
0.3787362,-0.7749091,0,0,tn
1.0564556,-1.000211,0,0,tn
-0.34326118,0.73206645,1,0,fp
-0.23980343,-0.24988165,0,0,tn
0.19547555,-0.53598833,0,0,tn
-0.24161077,0.118362896,1,0,fp
0.15501606,-0.53025275,0,0,tn
0.011287777,-0.3618883,0,0,tn
0.5274731,-0.75907874,0,0,tn
0.8141906,-0.85986495,0,0,tn
0.18692628,-0.70086485,0,0,tn
-0.49354172,0.76283634,1,0,fp
0.5181677,-0.4680156,0,0,tn
0.45761415,-0.5451852,0,0,tn
-0.2105949,0.086702116,1,0,fp
-0.8969678,1.1845144,1,0,fp
0.41211563,-0.8765466,0,0,tn
0.49470487,-0.4411785,0,0,tn
-0.10088882,0.09012001,1,0,fp
0.88585603,-1.0543493,0,0,tn
0.3437451,-0.5310646,0,0,tn
0.380743,-0.2368231,0,0,tn
0.0031793178,0.009475402,1,0,fp
-0.27811745,0.0359144,1,0,fp
0.51764375,-0.84233886,0,0,tn
-0.18241392,-0.13323191,1,0,fp
0.07431009,0.3066127,1,0,fp
0.04154226,-0.6245542,0,0,tn
-0.42049778,0.89479595,1,0,fp
0.8023155,-0.73138475,0,0,tn
0.3158194,-0.8690887,0,0,tn
1.0602897,-1.5962768,0,0,tn
-0.55506456,0.75222087,1,0,fp
-0.033876047,-0.20962821,0,0,tn
0.06675682,-0.36382198,0,0,tn
0.2732108,0.0689221,0,0,tn
-0.3746795,0.6884575,1,0,fp
0.18003824,0.16863635,0,0,tn
0.44109362,-0.7405815,0,0,tn
-0.45518142,0.6344943,1,0,fp
0.21659541,0.11722247,0,0,tn
-0.0016875728,-0.17905222,0,0,tn
-0.38566273,0.18498519,1,0,fp
-0.3470118,0.684944,1,0,fp
0.5150765,-0.6625452,0,0,tn
0.119485825,-0.7569617,0,0,tn
0.65903664,-0.9151921,0,0,tn
0.31670815,-0.39065132,0,0,tn
-0.23616372,0.60883427,1,0,fp
0.1676877,-0.08999278,0,0,tn
0.9840847,-0.86348486,0,0,tn
-0.008878024,-0.4276973,0,0,tn
0.31785136,-0.8295008,0,0,tn
-0.21224657,-0.02016113,1,0,fp
0.1175909,-0.31780583,0,0,tn
-0.8602738,0.7009663,1,0,fp
-0.023605928,0.06439005,1,0,fp
0.292924,-0.48702762,0,0,tn
-0.47078615,0.66803205,1,0,fp
-0.25485322,0.3363298,1,0,fp
0.8200204,-1.1376575,0,0,tn
-0.12595816,-0.22902797,0,0,tn
0.443635,-0.45097727,0,0,tn
0.674937,-1.2305945,0,0,tn
-0.38376185,0.12183663,1,0,fp
-0.3353529,0.0119560445,1,0,fp
0.50280035,-0.59201896,0,0,tn
-0.39325747,0.32183236,1,0,fp
-0.33676225,0.7134373,1,0,fp
0.16416441,-0.39555678,0,0,tn
1.0421103,-1.1952599,0,0,tn
0.8705195,-1.2002406,0,0,tn
-0.07392979,-0.1246547,0,0,tn
0.049759313,-0.39436167,0,0,tn
0.49193248,-0.46271086,0,0,tn
0.20035048,-0.022315785,0,0,tn
0.89126086,-1.399285,0,0,tn
0.14041774,-0.1491011,0,0,tn
0.40920383,-0.6100811,0,0,tn
0.4641325,-0.8657527,0,0,tn
0.124155365,-0.5446597,0,0,tn
0.44601217,-0.70155203,0,0,tn
0.07679865,-0.6192877,0,0,tn
-0.2555852,0.3628122,1,0,fp
0.1599633,-0.08642709,0,0,tn
0.1554855,-0.34656656,0,0,tn
0.9462302,-1.1404916,0,0,tn
-0.23225993,0.11113232,1,0,fp
0.7078573,-1.3641793,0,0,tn
0.4338197,-0.6447335,0,0,tn
0.22068748,0.13337602,0,0,tn
0.13488145,-0.53818256,0,0,tn
0.22763838,-0.7238287,0,0,tn
-0.6204345,1.065504,1,0,fp
-0.46252865,0.586607,1,0,fp
0.5279031,-0.9541436,0,0,tn
-0.50135744,0.13680886,1,0,fp
0.005860804,0.32413578,1,0,fp
0.2764865,-0.41751045,0,0,tn
0.25503135,-0.14385486,0,0,tn
0.5348332,-1.1769737,0,0,tn
0.5412071,-0.58719504,0,0,tn
-0.19355641,0.19111754,1,0,fp
0.37700796,-0.98043525,0,0,tn
-0.5653392,0.8885109,1,0,fp
0.113862135,0.10656849,0,0,tn
0.10233377,-0.38770986,0,0,tn
0.50886136,-0.8142237,0,0,tn
0.04582055,0.270199,1,0,fp
0.8945797,-1.1639702,0,0,tn
0.12559299,-0.4858124,0,0,tn
-0.7149918,0.52672803,1,0,fp
-0.23565945,0.31523865,1,0,fp
-0.28071266,0.21933587,1,0,fp
0.113523185,-0.6815012,0,0,tn
-0.36300516,0.5660697,1,0,fp
0.69365585,-1.1885021,0,0,tn
0.7637737,-0.916921,0,0,tn
0.8192349,-1.0147647,0,0,tn
0.3072598,-0.7157674,0,0,tn
-0.18261681,0.5830785,1,0,fp
0.70601344,-1.046052,0,0,tn
-0.09239694,0.059139386,1,0,fp
0.8066497,-0.75415874,0,0,tn
-0.1613583,-0.005878336,1,0,fp
0.09743816,0.024655718,0,0,tn
0.2236392,0.08030374,0,0,tn
-0.29084173,0.14660524,1,0,fp
0.32519555,-0.4313489,0,0,tn
0.21357197,-0.7274127,0,0,tn
0.76432574,-0.9505801,0,0,tn
0.1289798,-0.010378166,0,0,tn
0.5907718,-1.0080669,0,0,tn
0.37050366,-0.14805333,0,0,tn
0.14707874,-0.36607152,0,0,tn
-0.08895163,0.046801753,1,0,fp
0.3732245,-0.6337379,0,0,tn
0.23757586,0.046613604,0,0,tn
0.09375546,-0.3258885,0,0,tn
-0.026128778,-0.21184583,0,0,tn
0.15789068,-0.38708103,0,0,tn
0.7261188,-1.3230013,0,0,tn
0.20110284,-0.24772456,0,0,tn
1.086051,-1.4203027,0,0,tn
0.023399709,0.08604609,1,0,fp
-0.17806302,0.17820288,1,0,fp
0.4384945,-0.86654294,0,0,tn
-0.044625044,-0.32482198,0,0,tn
-0.32770646,0.050094523,1,0,fp
0.43596452,-0.7396674,0,0,tn
0.2892818,-0.34075937,0,0,tn
-0.3312111,0.6315622,1,0,fp
0.36899823,-0.49072224,0,0,tn
0.68568474,-0.5634776,0,0,tn
0.33065107,-0.3825497,0,0,tn
0.3813777,-0.84866035,0,0,tn
-0.36293977,0.23967147,1,0,fp
0.6218575,-0.639399,0,0,tn
-0.06793268,-0.17788216,0,0,tn
-0.23709099,0.59903026,1,0,fp
0.03522083,-0.37385672,0,0,tn
0.3696925,-0.2910769,0,0,tn
-0.678206,1.1227881,1,0,fp
-0.010215569,0.01600236,1,0,fp
-0.51246846,0.78789437,1,0,fp
-0.6283854,0.7105859,1,0,fp
0.48572657,-0.88507295,0,0,tn
-0.032979794,0.32519808,1,0,fp
0.2080174,-0.45623624,0,0,tn
0.16254939,0.09766883,0,0,tn
-0.27032378,0.6417247,1,0,fp
0.34029913,-0.6312392,0,0,tn
-0.025650593,-0.32687423,0,0,tn
-0.3837338,0.51523197,1,0,fp
-0.6765637,0.38817543,1,0,fp
-0.021624884,0.48767582,1,0,fp
-0.035261095,0.3627968,1,0,fp
0.3504045,-0.24225159,0,0,tn
0.3182091,-0.62588155,0,0,tn
0.22437619,-0.5154952,0,0,tn
0.46523464,-0.73587656,0,0,tn
-0.24454926,0.35817754,1,0,fp
-0.2848466,0.44266674,1,0,fp
0.075591154,0.4039642,1,0,fp
-0.28638756,0.5423838,1,0,fp
0.30204633,-0.87574404,0,0,tn
-0.49695343,1.0630661,1,0,fp
0.23115633,-0.37473768,0,0,tn
0.2116522,-0.43311197,0,0,tn
-0.34978247,0.6689465,1,0,fp
0.30519104,-0.71781784,0,0,tn
0.24476059,-0.17036943,0,0,tn
-0.23838831,0.42711365,1,0,fp
0.3755783,-0.67229337,0,0,tn
0.55537015,-0.813187,0,0,tn
0.32591438,-0.8711717,0,0,tn
0.3679389,-0.71016026,0,0,tn
-0.4672918,0.6042532,1,0,fp
-0.027080642,0.13424475,1,0,fp
0.69381875,-1.1359313,0,0,tn
0.54222536,-0.32186168,0,0,tn
-0.16980195,0.18037073,1,0,fp
0.5170095,-1.0580655,0,0,tn
-0.34029827,0.75457984,1,0,fp
0.47178152,-0.9796431,0,0,tn
0.05095102,-0.27577165,0,0,tn
0.10701558,-0.58798075,0,0,tn
0.3344301,-0.2768027,0,0,tn
0.8100424,-1.1132818,0,0,tn
0.44189975,-0.6430645,0,0,tn
0.4749856,-0.9039063,0,0,tn
0.042607576,-0.5468547,0,0,tn
0.63784885,-1.168398,0,0,tn
-0.061055623,-0.1665091,0,0,tn
-0.28409433,0.59310937,1,0,fp
0.7155545,-0.9348222,0,0,tn
-0.018828722,0.14781673,1,0,fp
0.2834823,-0.29770225,0,0,tn
0.24593596,0.018901512,0,0,tn
0.48916477,-0.3298242,0,0,tn
0.35220516,-0.0031373345,0,0,tn
-0.15890741,0.12896498,1,0,fp
0.33233434,-0.50406545,0,0,tn
0.39015973,-0.5229493,0,0,tn
-0.111622386,0.28187042,1,0,fp
0.1593211,0.025880441,0,0,tn
0.16812365,-0.20574863,0,0,tn
0.17373362,-0.649873,0,0,tn
0.08037685,-0.37324685,0,0,tn
-0.49049878,0.18321477,1,0,fp
0.075585485,-0.2838595,0,0,tn
0.16298063,-0.012314214,0,0,tn
-0.0025440766,0.3202662,1,0,fp
0.24739262,-0.38891283,0,0,tn
0.20142606,-0.11625254,0,0,tn
0.37671533,-0.79070354,0,0,tn
0.09935232,-0.5652319,0,0,tn
0.23996226,-0.10482692,0,0,tn
0.28541365,-0.7201011,0,0,tn
0.53779787,-1.126371,0,0,tn
0.6640247,-0.87089276,0,0,tn
0.36961505,-0.64019567,0,0,tn
0.18459001,0.08727263,0,0,tn
-0.29188356,0.35367286,1,0,fp
-0.22091444,0.40503895,1,0,fp
-0.054130167,-0.12560298,0,0,tn
-0.21964227,0.2278387,1,0,fp
-0.12431683,0.39480633,1,0,fp
0.06119725,0.32689744,1,0,fp
0.83745897,-0.7675729,0,0,tn
0.81195617,-1.0607897,0,0,tn
0.27143532,0.23881988,0,0,tn
-0.1403892,-0.012524168,1,0,fp
0.21121629,-0.67413956,0,0,tn
-0.17321584,0.45299298,1,0,fp
0.25549147,-0.7976804,0,0,tn
0.40578997,-0.24772099,0,0,tn
-0.027837815,0.37201583,1,0,fp
0.22126178,-0.18202151,0,0,tn
-0.056009524,0.39078692,1,0,fp
0.5306711,-0.9046961,0,0,tn
0.15918855,-0.37143874,0,0,tn
0.6080477,-0.7751111,0,0,tn
-0.114418864,-0.09436942,1,0,fp
0.26113933,-0.61385036,0,0,tn
0.2924516,0.028264686,0,0,tn
0.63421446,-0.95222026,0,0,tn
0.067308456,-0.32164133,0,0,tn
0.3815924,-0.6865951,0,0,tn
0.18651092,-0.5207158,0,0,tn
0.8830525,-1.4147928,0,0,tn
0.36255753,-0.35885537,0,0,tn
0.4455359,-0.9736757,0,0,tn
-0.21858455,0.38032535,1,0,fp
-0.12415166,0.5291247,1,0,fp
0.6811092,-0.9929394,0,0,tn
0.09300067,-0.34770066,0,0,tn
0.45079106,-0.96505857,0,0,tn
-0.5955151,0.95861423,1,0,fp
0.8423841,-1.2274355,0,0,tn
-0.17740837,0.016174003,1,0,fp
-0.107132584,-0.2783823,0,0,tn
0.21924952,0.14341323,0,0,tn
0.20130464,-0.40820122,0,0,tn
-0.27967122,0.38946825,1,0,fp
0.52766246,-1.149767,0,0,tn
-0.83455765,0.8533112,1,0,fp
0.036551163,0.29769707,1,0,fp
0.24949004,-0.50330627,0,0,tn
-0.1682578,-0.1591981,1,0,fp
0.22473498,-0.6500316,0,0,tn
0.48241767,-0.9932135,0,0,tn
0.46564066,-0.82006514,0,0,tn
-0.044146597,-0.11069439,0,0,tn
0.37785015,-0.6769782,0,0,tn
0.18683963,-0.50137365,0,0,tn
0.39558083,-0.22232333,0,0,tn
-0.1004931,0.5142945,1,0,fp
0.70837104,-1.2599319,0,0,tn
0.24372526,-0.13458373,0,0,tn
0.7766219,-0.7857325,0,0,tn
-0.22061013,0.6573326,1,0,fp
0.47923422,-0.78953505,0,0,tn
-0.17906435,0.06274194,1,0,fp
-0.15031432,-0.059794348,1,0,fp
0.3574487,-0.80629027,0,0,tn
0.14203715,-0.25079066,0,0,tn
0.3140627,-0.8435441,0,0,tn
0.10291034,-0.20677859,0,0,tn
-0.38394722,0.6386415,1,0,fp
-0.41071248,0.84632695,1,0,fp
0.2785526,-0.23411827,0,0,tn
0.68700176,-0.8271543,0,0,tn
-0.46353084,0.36617792,1,0,fp
0.16973187,-0.79559463,0,0,tn
0.11278285,0.058799386,0,0,tn
0.6141061,-1.0836089,0,0,tn
-0.14586715,0.34532183,1,0,fp
0.10401597,0.0889589,0,0,tn
-0.6744976,1.0297295,1,0,fp
0.15418242,-0.39613634,0,0,tn
0.02322234,-0.24586605,0,0,tn
0.03820788,0.35276568,1,0,fp
-0.6479793,0.8647425,1,0,fp
-0.45581466,0.17299904,1,0,fp
-0.59369665,0.24684559,1,0,fp
-0.51985466,0.89150095,1,0,fp
0.70563626,-0.9669758,0,0,tn
0.32950598,-0.43770686,0,0,tn
0.958168,-1.2410862,0,0,tn
-0.016295822,-0.21386556,0,0,tn
-0.22352904,0.6191742,1,0,fp
-0.22927581,0.12680934,1,0,fp
0.6368927,-1.3069321,0,0,tn
0.1189019,-0.5840812,0,0,tn
0.24653842,-0.36381832,0,0,tn
0.40338722,-0.6095268,0,0,tn
1.0148631,-1.605374,0,0,tn
0.61483204,-1.0195144,0,0,tn
-0.093002975,0.40793052,1,0,fp
0.44793695,-0.35598493,0,0,tn
0.28102994,-0.7945826,0,0,tn
0.35052767,-0.5606736,0,0,tn
0.899534,-1.2093881,0,0,tn
0.44505927,-1.007462,0,0,tn
-0.0347718,0.2960381,1,0,fp
-0.5217011,0.7391566,1,0,fp
0.8488209,-1.0285047,0,0,tn
-0.23488405,0.22008213,1,0,fp
0.036442935,0.18855697,1,0,fp
0.369258,-0.7917368,0,0,tn
0.47058123,-0.8178971,0,0,tn
0.07225582,0.08131433,1,0,fp
0.22558008,-0.56372726,0,0,tn
-0.17990182,-0.11576283,1,0,fp
0.48063588,-0.5239107,0,0,tn
0.26434264,-0.58180934,0,0,tn
0.8795918,-1.3701469,0,0,tn
0.62419116,-1.1642789,0,0,tn
0.09080084,-0.26338127,0,0,tn
0.5750152,-0.8440097,0,0,tn
-0.2723769,0.5066078,1,0,fp
0.077499375,-0.32401693,0,0,tn
-0.42826873,0.5277013,1,0,fp
-0.02603394,-0.21402334,0,0,tn
0.232679,0.106861204,0,0,tn
-0.36079332,0.10164754,1,0,fp
0.086463034,-0.36814237,0,0,tn
0.74106187,-1.1334784,0,0,tn
0.42193937,-0.620769,0,0,tn
0.292355,-0.5166426,0,0,tn
0.33085048,0.11847286,0,0,tn
0.7539587,-1.3189222,0,0,tn
-0.3451482,0.88607395,1,0,fp
-0.23052837,-0.09870445,1,0,fp
0.1384566,-0.26823613,0,0,tn
-0.43558532,0.81191385,1,0,fp
0.70754194,-1.2074918,0,0,tn
0.33672926,-0.44040614,0,0,tn
0.66089207,-1.1202568,0,0,tn
-0.6415519,0.8960254,1,0,fp
0.02403902,-0.17518665,0,0,tn
-0.037084162,-0.28514165,0,0,tn
0.010657383,-0.08177501,0,0,tn
0.7202654,-0.8603629,0,0,tn
-0.31206053,0.5734313,1,0,fp
-0.2231841,0.32074073,1,0,fp
0.060142994,0.29738954,1,0,fp
0.242715,-0.07507984,0,0,tn
0.57557863,-0.9575462,0,0,tn
-0.08231947,-0.08871478,0,0,tn
-0.12318735,0.2632935,1,0,fp
0.101886645,-0.28650823,0,0,tn
-0.97938323,1.414327,1,0,fp
1.1235423,-1.3797392,0,0,tn
0.58128166,-0.93690103,0,0,tn
0.047736153,-0.28816107,0,0,tn
0.56053627,-0.6884728,0,0,tn
0.37072352,-0.79441583,0,0,tn
0.040284187,-0.6277166,0,0,tn
0.19842446,-0.7268082,0,0,tn
0.019918798,-0.17711656,0,0,tn
0.2022002,0.2357826,1,0,fp
0.40633902,-0.6262734,0,0,tn
0.7312949,-1.2875266,0,0,tn
-0.102647975,-0.13566674,0,0,tn
0.7356136,-1.1329049,0,0,tn
-0.36560708,0.5835601,1,0,fp
-0.16905852,0.3984965,1,0,fp
0.1401528,-0.2274748,0,0,tn
-0.51685494,0.5919335,1,0,fp
0.48646176,-0.53489494,0,0,tn
0.50084853,-1.009929,0,0,tn
0.12259486,0.3510747,1,0,fp
0.06105896,-0.08711062,0,0,tn
-0.43056867,0.71977496,1,0,fp
0.11823941,-0.3755182,0,0,tn
0.14783807,0.28413945,1,0,fp
0.14040153,-0.4619031,0,0,tn
-0.25933182,0.7718275,1,0,fp
1.0772139,-1.4617453,0,0,tn
0.39937,-1.035057,0,0,tn
0.45830947,-0.5527241,0,0,tn
0.403174,-0.6366531,0,0,tn
-0.31797937,0.344034,1,0,fp
0.5029551,-1.0351444,0,0,tn
-0.22228797,0.62309754,1,0,fp
0.70103276,-0.90927565,0,0,tn
-0.7065933,0.93721133,1,0,fp
0.83014566,-1.0796257,0,0,tn
0.56716514,-0.9760363,0,0,tn
0.67049235,-0.8864708,0,0,tn
0.649695,-0.8612666,0,0,tn
0.076032326,0.21279623,1,0,fp
-0.10969263,0.08277581,1,0,fp
0.21708329,-0.6827214,0,0,tn
-0.094954506,0.23609401,1,0,fp
0.062346816,0.23218697,1,0,fp
1.3677293,-1.6276445,0,0,tn
0.43466452,-0.9461287,0,0,tn
0.6146571,-1.3618168,0,0,tn
-0.1711333,0.3128779,1,0,fp
0.49963993,-0.2646659,0,0,tn
-0.8137542,1.2421869,1,0,fp
-0.4927476,0.031236596,1,0,fp
0.13939169,-0.48475626,0,0,tn
0.885781,-1.2176788,0,0,tn
0.08236954,-0.3082919,0,0,tn
-0.13242467,0.0019775934,1,0,fp
0.07841167,-0.44745973,0,0,tn
0.40016684,-0.82670164,0,0,tn
0.40115547,-0.35272706,0,0,tn
-0.11598638,0.39367634,1,0,fp
-0.27150896,0.5595441,1,0,fp
-0.120345145,0.51136726,1,0,fp
0.39696956,-0.89348185,0,0,tn
0.13198389,-0.030087627,0,0,tn
0.74989927,-0.9910073,0,0,tn
0.27938047,-0.38591868,0,0,tn
0.28726333,-0.46685332,0,0,tn
0.13214381,-0.42745274,0,0,tn
0.40013644,-0.87330294,0,0,tn
-0.0217753,-0.38693684,0,0,tn
0.1359758,-0.3682876,0,0,tn
-0.28700772,0.71466,1,0,fp
-0.009514468,-0.07374798,0,0,tn
0.2863313,-0.48622677,0,0,tn
-0.21073537,-0.027410388,1,0,fp
0.126529,-0.63979244,0,0,tn
0.0574349,-0.19323574,0,0,tn
0.2825191,-0.7416576,0,0,tn
-0.3978078,0.23936513,1,0,fp
0.25844815,-0.40404078,0,0,tn
0.29094672,-0.70223385,0,0,tn
0.63430214,-0.56360453,0,0,tn
0.52962816,-0.9936675,0,0,tn
-0.14795996,-0.08585938,1,0,fp
0.40036455,-0.8547611,0,0,tn
0.5872703,-0.82703406,0,0,tn
-0.24489312,0.30399382,1,0,fp
-0.0372497,-0.2471468,0,0,tn
0.2642056,-0.72409004,0,0,tn
0.38790688,-0.9716054,0,0,tn
0.28937942,-0.027995944,0,0,tn
-0.17820054,0.57984763,1,0,fp
0.19360237,-0.49280897,0,0,tn
0.18195017,-0.5331733,0,0,tn
-0.54541594,0.6198641,1,0,fp
0.032702446,0.3150183,1,0,fp
-0.3578711,0.3831309,1,0,fp
-0.8225483,1.1418755,1,0,fp
0.68972695,-1.1803604,0,0,tn
-0.12542059,0.5490809,1,0,fp
0.24095795,-0.32885778,0,0,tn
0.3360167,-0.76047814,0,0,tn
0.4755526,-0.6808609,0,0,tn
0.23399119,-0.28653407,0,0,tn
0.37063038,-0.40691608,0,0,tn
-0.7808648,0.7691014,1,0,fp
0.06369288,-0.2626012,0,0,tn
-0.04794833,-0.080761716,0,0,tn
-0.14927725,0.48987234,1,0,fp
-0.25833002,0.80749136,1,0,fp
0.12204313,-0.04684471,0,0,tn
-0.04329361,0.4588878,1,0,fp
0.20349003,0.079436675,0,0,tn
0.7466011,-1.0371417,0,0,tn
0.25501636,-0.46233195,0,0,tn
0.901631,-0.8272308,0,0,tn
0.1786275,-0.52318555,0,0,tn
-0.080632426,-0.3058289,0,0,tn
-0.45233998,0.37643102,1,0,fp
-0.20488515,0.58907866,1,0,fp
0.24213994,-0.389804,0,0,tn
-0.21033718,-0.052991204,1,0,fp
-0.012718635,0.03438977,1,0,fp
0.091785915,0.06359398,0,0,tn
-0.16442391,0.119543314,1,0,fp
-0.15464357,-0.13493526,1,0,fp
-0.043769166,-0.09137512,0,0,tn
0.19791542,-0.5010048,0,0,tn
-0.23160206,0.56647515,1,0,fp
0.30139136,-0.68380463,0,0,tn
-0.14754987,0.40704125,1,0,fp
0.28245494,-1.1080205,0,0,tn
0.7744365,-0.95745933,0,0,tn
-0.31633043,-0.034743942,1,0,fp
-0.2197529,0.39778793,1,0,fp
-0.20912975,-0.09508397,1,0,fp
0.8843411,-0.9153292,0,0,tn
0.39155412,-0.03322205,0,0,tn
0.42148137,-0.61220324,0,0,tn
-0.075573616,0.2259508,1,0,fp
0.12470494,-0.17948681,0,0,tn
-0.042096265,0.518597,1,0,fp
0.13308209,-0.4399254,0,0,tn
0.6891923,-1.257385,0,0,tn
-0.12853254,0.009577767,1,0,fp
0.38982156,-0.6266162,0,0,tn
-0.29266408,0.43034524,1,0,fp
0.5662644,-0.3796315,0,0,tn
0.13744141,-0.58237255,0,0,tn
0.15594324,0.24280496,1,0,fp
0.57483196,-0.8012178,0,0,tn
-0.46089268,0.48923036,1,0,fp
0.18950124,-0.60467565,0,0,tn
0.6628136,-1.1788218,0,0,tn
0.66332746,-0.66177523,0,0,tn
0.39595532,-0.07694076,0,0,tn
0.28153,-0.15164723,0,0,tn
0.19251284,-0.2645181,0,0,tn
0.098196,-0.40989184,0,0,tn
0.18277211,-0.42510822,0,0,tn
0.06799588,-0.29611576,0,0,tn
0.3277428,-0.49967784,0,0,tn
-0.034539193,-0.46478373,0,0,tn
-0.15649848,0.019198574,1,0,fp
0.4892469,-0.9302393,0,0,tn
1.1292701,-1.4121169,0,0,tn
0.45733196,-0.33036542,0,0,tn
0.9646044,-0.83815706,0,0,tn
0.34066716,-0.8338872,0,0,tn
0.20309135,-0.39269057,0,0,tn
0.20903169,0.12041091,0,0,tn
0.27413744,-0.51120377,0,0,tn
0.3598211,-0.2641719,0,0,tn
0.28660294,-0.43275267,0,0,tn
0.9051727,-0.84136885,0,0,tn
0.8562244,-1.0937058,0,0,tn
0.9759443,-0.9593773,0,0,tn
0.2119999,-0.7819041,0,0,tn
0.1574556,-0.31240112,0,0,tn
-0.19572408,0.07556149,1,0,fp
0.7994876,-1.0614212,0,0,tn
0.57269406,-0.8166958,0,0,tn
0.70092523,-1.1701618,0,0,tn
-0.31805512,0.37758008,1,0,fp
-0.029546874,-0.2396202,0,0,tn
0.017756982,-0.5066092,0,0,tn
-0.13517737,-0.21833248,0,0,tn
0.1410847,0.10078348,0,0,tn
0.096753545,-0.16788182,0,0,tn
-0.93076897,1.3577487,1,0,fp
-0.18502478,0.34560657,1,0,fp
0.27864832,-0.5873113,0,0,tn
0.3483199,-0.5648953,0,0,tn
0.69702685,-1.008778,0,0,tn
0.67256665,-0.8263098,0,0,tn
0.05945106,-0.23747437,0,0,tn
0.082987085,0.012021312,0,0,tn
0.51687086,-0.9678594,0,0,tn
-0.3385877,0.9199447,1,0,fp
0.046105273,-0.35931575,0,0,tn
0.10592224,0.20182209,1,0,fp
0.18462485,-0.65907276,0,0,tn
0.12159112,-0.21965899,0,0,tn
-0.049010288,0.31732503,1,0,fp
-0.21642908,0.5135131,1,0,fp
0.5513417,-0.9696386,0,0,tn
0.52841604,-0.566668,0,0,tn
-0.32908663,0.56692827,1,0,fp
0.7958619,-1.1229833,0,0,tn
-0.07210036,-0.3261255,0,0,tn
0.89257663,-1.2414378,0,0,tn
0.18614618,-0.4558335,0,0,tn
-0.07386968,0.23150691,1,0,fp
-0.20257978,0.5648945,1,0,fp
-0.2617051,0.73534477,1,0,fp
0.21218038,-0.19157213,0,0,tn
0.19163384,0.15870866,0,0,tn
0.028193789,0.023391318,0,0,tn
-0.6622523,1.0033208,1,0,fp
-0.11004258,0.33013704,1,0,fp
0.20767246,0.25697148,1,0,fp
0.19100572,-0.699758,0,0,tn
0.09995979,-0.2642208,0,0,tn
-0.12903182,0.15235989,1,0,fp
-0.2298397,0.08536768,1,0,fp
-0.24758412,0.002141998,1,0,fp
0.42103574,-0.7974014,0,0,tn
-0.04901573,0.31415337,1,0,fp
-0.07514803,-0.11818911,0,0,tn
-0.21462777,0.2818991,1,0,fp
0.5243926,-0.95633286,0,0,tn
-0.41319114,0.8583013,1,0,fp
-0.15167394,0.3728432,1,0,fp
0.09516101,-0.5422354,0,0,tn
0.07327363,0.28070974,1,0,fp
-0.043583855,-0.26153278,0,0,tn
0.3058525,-0.25217757,0,0,tn
-0.59672654,0.94364154,1,0,fp
1.0482216,-1.253493,0,0,tn
0.22750147,-0.2669048,0,0,tn
0.44472975,-0.5977508,0,0,tn
-0.2862385,0.12319744,1,0,fp
-0.12348428,0.41777188,1,0,fp
0.084270746,0.19851962,1,0,fp
0.8661094,-0.8256024,0,0,tn
0.34690022,-0.6917211,0,0,tn
0.3518678,-0.96174246,0,0,tn
0.55435276,-1.1536224,0,0,tn
0.66445905,-0.8011086,0,0,tn
-0.34116983,0.5972344,1,0,fp
-0.08145168,0.31430233,1,0,fp
-0.031733826,-0.006016041,1,0,fp
0.08963272,0.31450948,1,0,fp
-0.41837332,0.9021199,1,0,fp
0.30191073,-0.12087703,0,0,tn
0.3125414,-0.3517559,0,0,tn
0.058123402,-0.30072626,0,0,tn
0.3882028,-0.5745755,0,0,tn
0.10120834,0.034192387,0,0,tn
0.6762276,-1.2348841,0,0,tn
-0.002095324,0.23424032,1,0,fp
0.3122682,-0.4346577,0,0,tn
0.026709778,-0.5094985,0,0,tn
-0.32009178,0.5632197,1,0,fp
0.32696614,-0.71373844,0,0,tn
-0.061328858,0.36939773,1,0,fp
0.4461012,-0.7321723,0,0,tn
-0.30253237,-0.1268032,1,0,fp
0.5164588,-0.53781825,0,0,tn
0.22971678,-0.5495905,0,0,tn
0.24858259,-0.2836386,0,0,tn
-0.2563615,0.5348605,1,0,fp
0.37819558,-0.8243399,0,0,tn
